# unix_time, cycles_done, cur_path, paths_total, pending_total, pending_favs, map_size, unique_crashes, unique_hangs, max_depth, execs_per_sec
1569824650, 0, 0, 3, 3, 0, 0.00%, 0, 0, 1, 263.74
1569824655, 3, 0, 3, 0, 0, 0.00%, 257, 0, 1, 1958.81
1569824660, 5, 2, 3, 0, 0, 0.00%, 464, 0, 1, 255.61
1569824665, 7, 2, 3, 0, 0, 0.00%, 630, 0, 1, 1745.00
1569824670, 11, 1, 3, 0, 0, 0.00%, 931, 0, 1, 1932.59
1569824676, 14, 1, 3, 0, 0, 0.00%, 1163, 0, 1, 1680.39
1569824681, 18, 0, 3, 0, 0, 0.00%, 1448, 0, 1, 1823.60
1569824686, 21, 0, 3, 0, 0, 0.00%, 1687, 0, 1, 1541.95
1569824691, 23, 0, 3, 0, 0, 0.00%, 1862, 0, 1, 1338.90
1569824696, 27, 0, 3, 0, 0, 0.00%, 2138, 0, 1, 1853.50
1569824701, 30, 1, 3, 0, 0, 0.00%, 2446, 0, 1, 1944.08
1569824706, 34, 0, 3, 0, 0, 0.00%, 2765, 0, 1, 1999.96
1569824712, 37, 2, 3, 0, 0, 0.00%, 3043, 0, 1, 1794.27
1569824717, 41, 0, 3, 0, 0, 0.00%, 3345, 0, 1, 1814.61
1569824722, 45, 0, 3, 0, 0, 0.00%, 3632, 0, 1, 1967.51
1569824727, 48, 1, 3, 0, 0, 0.00%, 3921, 0, 1, 1970.96
1569824732, 52, 0, 3, 0, 0, 0.00%, 4193, 0, 1, 1827.77
1569824737, 55, 2, 3, 0, 0, 0.00%, 4509, 0, 1, 1997.12
1569824742, 59, 0, 3, 0, 0, 0.00%, 4780, 0, 1, 1847.13
1569824747, 61, 2, 3, 0, 0, 0.00%, 4989, 0, 1, 1498.78
1569824753, 64, 0, 3, 0, 0, 0.00%, 5000, 0, 1, 110.07
1569824758, 67, 0, 3, 0, 0, 0.00%, 5000, 0, 1, 1545.51
1569824763, 70, 0, 3, 0, 0, 0.00%, 5000, 0, 1, 1653.70
1569824768, 72, 1, 3, 0, 0, 0.00%, 5000, 0, 1, 782.72
1569824773, 73, 1, 3, 0, 0, 0.00%, 5000, 0, 1, 812.05
1569824778, 75, 0, 3, 0, 0, 0.00%, 5000, 0, 1, 853.06
1569824783, 76, 2, 3, 0, 0, 0.00%, 5000, 0, 1, 979.71
1569824789, 79, 1, 3, 0, 0, 0.00%, 5000, 0, 1, 1229.12
1569824794, 82, 0, 3, 0, 0, 0.00%, 5000, 0, 1, 1534.50
1569824799, 85, 0, 3, 0, 0, 0.00%, 5000, 0, 1, 1605.89
1569824804, 88, 0, 3, 0, 0, 0.00%, 5000, 0, 1, 1640.22
1569824809, 91, 0, 3, 0, 0, 0.00%, 5000, 0, 1, 1598.73
1569824814, 93, 0, 3, 0, 0, 0.00%, 5000, 0, 1, 249.06
1569824819, 94, 0, 3, 0, 0, 0.00%, 5000, 0, 1, 305.66
1569824824, 94, 2, 3, 0, 0, 0.00%, 5000, 0, 1, 313.51
1569824829, 96, 2, 3, 0, 0, 0.00%, 5000, 0, 1, 959.17
1569824834, 98, 1, 3, 0, 0, 0.00%, 5000, 0, 1, 192.79
1569824839, 100, 1, 3, 0, 0, 0.00%, 5000, 0, 1, 954.50
1569824845, 103, 1, 3, 0, 0, 0.00%, 5000, 0, 1, 1440.86
1569824850, 106, 0, 3, 0, 0, 0.00%, 5000, 0, 1, 1539.44
1569824855, 109, 0, 3, 0, 0, 0.00%, 5000, 0, 1, 1562.16
1569824860, 112, 0, 3, 0, 0, 0.00%, 5000, 0, 1, 1569.15
1569824865, 115, 0, 3, 0, 0, 0.00%, 5000, 0, 1, 1549.45
1569824870, 117, 2, 3, 0, 0, 0.00%, 5000, 0, 1, 1595.81
1569824875, 120, 2, 3, 0, 0, 0.00%, 5000, 0, 1, 1569.70
1569824880, 123, 0, 3, 0, 0, 0.00%, 5000, 0, 1, 1385.20
1569824885, 125, 0, 3, 0, 0, 0.00%, 5000, 0, 1, 1350.14
1569824891, 126, 0, 3, 0, 0, 0.00%, 5000, 0, 1, 359.62
1569824896, 127, 0, 3, 0, 0, 0.00%, 5000, 0, 1, 376.73
1569824901, 128, 0, 3, 0, 0, 0.00%, 5000, 0, 1, 519.03
1569824906, 129, 0, 3, 0, 0, 0.00%, 5000, 0, 1, 692.72
1569824911, 130, 0, 3, 0, 0, 0.00%, 5000, 0, 1, 606.87
1569824916, 132, 0, 3, 0, 0, 0.00%, 5000, 0, 1, 1077.11
1569824921, 133, 0, 3, 0, 0, 0.00%, 5000, 0, 1, 662.37
1569824927, 135, 1, 3, 0, 0, 0.00%, 5000, 0, 1, 1211.48
1569824932, 138, 0, 3, 0, 0, 0.00%, 5000, 0, 1, 1256.84
1569824937, 139, 2, 3, 0, 0, 0.00%, 5000, 0, 1, 1249.46
1569824942, 141, 2, 3, 0, 0, 0.00%, 5000, 0, 1, 399.11
1569824947, 143, 0, 3, 0, 0, 0.00%, 5000, 0, 1, 831.52
1569824952, 145, 1, 3, 0, 0, 0.00%, 5000, 0, 1, 1586.16
1569824957, 147, 2, 3, 0, 0, 0.00%, 5000, 0, 1, 1052.15
1569824962, 150, 2, 3, 0, 0, 0.00%, 5000, 0, 1, 1576.58
1569824967, 154, 0, 3, 0, 0, 0.00%, 5000, 0, 1, 1671.39
1569824973, 157, 0, 3, 0, 0, 0.00%, 5000, 0, 1, 1623.71
1569824978, 159, 2, 3, 0, 0, 0.00%, 5000, 0, 1, 1706.85
1569824983, 162, 2, 3, 0, 0, 0.00%, 5000, 0, 1, 1667.71
1569824988, 165, 1, 3, 0, 0, 0.00%, 5000, 0, 1, 1585.20
1569824993, 168, 2, 3, 0, 0, 0.00%, 5000, 0, 1, 1668.08
1569824998, 171, 0, 3, 0, 0, 0.00%, 5000, 0, 1, 1644.32
1569825003, 172, 2, 3, 0, 0, 0.00%, 5000, 0, 1, 1127.36
1569825008, 174, 1, 3, 0, 0, 0.00%, 5000, 0, 1, 596.98
1569825014, 177, 0, 3, 0, 0, 0.00%, 5000, 0, 1, 1241.05
1569825019, 180, 0, 3, 0, 0, 0.00%, 5000, 0, 1, 1591.09
1569825024, 183, 1, 3, 0, 0, 0.00%, 5000, 0, 1, 1718.20
1569825029, 186, 1, 3, 0, 0, 0.00%, 5000, 0, 1, 1668.37
1569825034, 189, 1, 3, 0, 0, 0.00%, 5000, 0, 1, 1639.95
1569825039, 192, 2, 3, 0, 0, 0.00%, 5000, 0, 1, 1754.14
1569825044, 195, 2, 3, 0, 0, 0.00%, 5000, 0, 1, 1583.35
1569825049, 198, 2, 3, 0, 0, 0.00%, 5000, 0, 1, 1548.90
1569825054, 201, 0, 3, 0, 0, 0.00%, 5000, 0, 1, 1593.82
1569825060, 204, 2, 3, 0, 0, 0.00%, 5000, 0, 1, 1748.60
1569825065, 208, 0, 3, 0, 0, 0.00%, 5000, 0, 1, 1657.08
1569825070, 210, 2, 3, 0, 0, 0.00%, 5000, 0, 1, 1611.60
1569825075, 214, 0, 3, 0, 0, 0.00%, 5000, 0, 1, 1673.69
1569825080, 217, 0, 3, 0, 0, 0.00%, 5000, 0, 1, 1760.09
1569825085, 220, 1, 3, 0, 0, 0.00%, 5000, 0, 1, 1803.95
1569825090, 224, 0, 3, 0, 0, 0.00%, 5000, 0, 1, 1819.92
1569825095, 227, 0, 3, 0, 0, 0.00%, 5000, 0, 1, 1709.23
1569825100, 229, 0, 3, 0, 0, 0.00%, 5000, 0, 1, 448.25
1569825106, 230, 2, 3, 0, 0, 0.00%, 5000, 0, 1, 1135.36
1569825111, 234, 0, 3, 0, 0, 0.00%, 5000, 0, 1, 1564.15
1569825116, 236, 0, 3, 0, 0, 0.00%, 5000, 0, 1, 1096.20
1569825121, 238, 1, 3, 0, 0, 0.00%, 5000, 0, 1, 1113.85
1569825126, 241, 2, 3, 0, 0, 0.00%, 5000, 0, 1, 1601.55
1569825131, 244, 1, 3, 0, 0, 0.00%, 5000, 0, 1, 1559.38
1569825136, 247, 0, 3, 0, 0, 0.00%, 5000, 0, 1, 1453.51
1569825141, 250, 0, 3, 0, 0, 0.00%, 5000, 0, 1, 1622.40
1569825146, 253, 0, 3, 0, 0, 0.00%, 5000, 0, 1, 1554.84
1569825152, 255, 0, 3, 0, 0, 0.00%, 5000, 0, 1, 1399.18
1569825157, 256, 0, 3, 0, 0, 0.00%, 5000, 0, 1, 1314.03
1569825162, 258, 0, 3, 0, 0, 0.00%, 5000, 0, 1, 905.99
1569825167, 259, 0, 3, 0, 0, 0.00%, 5000, 0, 1, 154.36
1569825172, 260, 0, 3, 0, 0, 0.00%, 5000, 0, 1, 1406.58
1569825177, 262, 1, 3, 0, 0, 0.00%, 5000, 0, 1, 1485.17
1569825182, 265, 1, 3, 0, 0, 0.00%, 5000, 0, 1, 1513.97
1569825187, 267, 0, 3, 0, 0, 0.00%, 5000, 0, 1, 1466.63
1569825192, 268, 2, 3, 0, 0, 0.00%, 5000, 0, 1, 229.39
1569825197, 271, 0, 3, 0, 0, 0.00%, 5000, 0, 1, 1762.65
1569825203, 274, 0, 3, 0, 0, 0.00%, 5000, 0, 1, 1768.13
1569825208, 277, 0, 3, 0, 0, 0.00%, 5000, 0, 1, 281.61
1569825213, 279, 2, 3, 0, 0, 0.00%, 5000, 0, 1, 1683.83
1569825218, 282, 0, 3, 0, 0, 0.00%, 5000, 0, 1, 834.51
1569825223, 283, 1, 3, 0, 0, 0.00%, 5000, 0, 1, 1209.35
1569825228, 285, 2, 3, 0, 0, 0.00%, 5000, 0, 1, 1615.78
1569825233, 288, 1, 3, 0, 0, 0.00%, 5000, 0, 1, 1459.12
1569825239, 290, 1, 3, 0, 0, 0.00%, 5000, 0, 1, 915.70
1569825244, 292, 2, 3, 0, 0, 0.00%, 5000, 0, 1, 1155.95
1569825249, 294, 2, 3, 0, 0, 0.00%, 5000, 0, 1, 215.00
1569825254, 296, 0, 3, 0, 0, 0.00%, 5000, 0, 1, 833.93
1569825259, 297, 2, 3, 0, 0, 0.00%, 5000, 1, 1, 728.87
1569825264, 300, 2, 3, 0, 0, 0.00%, 5000, 1, 1, 1435.76
